id,label
400510,1
402693,1
403858,1
402475,1
402742,1
402864,1
400135,1
402897,1
401952,1
400991,1
403775,1
403963,1
401171,1
403429,1
402405,1
404983,1
402293,1
403749,1
401905,1
404677,1
402947,1
404656,1
403485,1
403276,1
401060,1
403760,1
401221,1
401151,1
400812,1
404963,1
400838,1
401291,1
402985,1
401899,1
401807,1
400990,1
403313,1
403372,1
403578,1
404899,1
402265,1
400730,1
402729,1
402441,1
401294,1
403694,1
404505,1
404601,1
404679,1
400250,1
401494,1
401502,1
400242,1
402230,1
403303,1
403396,1
400751,1
401544,1
401618,1
401566,1
401220,1
403288,1
400085,1
403511,1
400479,1
404474,1
403621,1
401130,1
400040,1
403574,1
404834,1
403171,1
404129,1
401274,1
403104,1
401415,1
404525,1
400147,1
400172,1
403727,1
403959,1
404339,1
400322,1
402767,1
400735,1
403005,1
402643,1
403070,1
401448,1
403559,1
400257,1
401812,1
401949,1
401859,1
401475,1
401019,1
401672,1
404538,1
403932,1
401960,1
403550,1
401507,1
403406,1
400603,1
404571,1
401737,1
401347,1
404214,1
404736,1
403943,1
402908,1
404877,1
404903,1
404563,1
401826,1
404534,1
403478,1
404467,1
404273,1
400136,1
404045,1
402000,1
402976,1
400915,1
401778,1
402890,1
401411,1
402619,1
404938,1
402336,1
401956,1
402900,1
400353,1
400254,1
402185,1
403849,1
403317,1
404497,1
400384,1
400030,1
401817,1
401418,1
403960,1
400416,1
400725,1
402930,1
402386,1
404038,1
404565,1
401753,1
404261,1
400935,1
401697,1
400449,1
403125,1
403052,1
403318,1
403950,1
403224,1
404408,1
400746,1
404099,1
404962,1
401157,1
403676,1
403256,1
400137,1
400907,1
402554,1
404322,1
402827,1
402649,1
400379,1
401124,1
400311,1
402098,1
404683,1
402902,1
403957,1
400494,1
404200,1
400846,1
401167,1
404121,1
400327,1
400076,1
404527,1
404399,1
400923,1
402277,1
400651,1
402718,1
403221,1
400839,1
404140,1
400936,1
403633,1
400409,1
400779,1
403620,1
403683,1
404511,1
401005,1
402836,1
402635,1
403042,1
401303,1
400868,1
400127,1
400698,1
400861,1
401473,1
402243,1
404792,1
404868,1
403148,1
401380,1
401876,1
405000,1
401858,1
401902,1
400787,1
404358,1
400317,1
400496,1
402044,1
403106,1
403395,1
400306,1
404426,1
402127,1
401920,1
404687,1
402082,1
403217,1
403291,1
402915,1
402026,1
402110,1
402175,1
400451,1
401606,1
401334,1
404663,1
400190,1
400035,1
403738,1
403899,1
403491,1
403558,1
400569,1
400403,1
403453,1
401749,1
403350,1
400718,1
400092,1
402954,1
403821,1
403573,1
403099,1
403310,1
404826,1
400097,1
403539,1
402871,1
401322,1
404292,1
401757,1
401714,1
401814,1
403018,1
404965,1
402842,1
401042,1
400466,1
403246,1
400773,1
404509,1
403777,1
403195,1
400852,1
404951,1
400873,1
400550,1
403414,1
405020,1
402589,1
400374,1
403794,1
400465,1
404183,1
404978,1
404517,1
402436,1
404469,1
403424,1
400689,1
400570,1
403556,1
400524,1
400438,1
402918,1
402385,1
402511,1
401541,1
401352,1
401865,1
403525,1
401573,1
400477,1
401792,1
404512,1
404447,1
400903,1
404649,1
402283,1
403671,1
400585,1
403855,1
400184,1
402671,1
401416,1
401715,1
401013,1
403449,1
403073,1
400728,1
402735,1
400034,1
402323,1
404158,1
403541,1
402852,1
402633,1
400675,1
400653,1
400091,1
404496,1
400851,1
400198,1
402480,1
401997,1
400925,1
403842,1
404431,1
400553,1
400037,1
402060,1
402261,1
401756,1
402111,1
400548,1
403210,1
402531,1
400865,1
404617,1
402566,1
401477,1
401863,1
403032,1
400016,1
402006,1
401741,1
403827,1
401848,1
401081,1
404621,1
403321,1
402627,1
402218,1
402583,1
403404,1
400693,1
401912,1
401100,1
404930,1
400017,1
404669,1
400008,1
400274,1
404166,1
403258,1
402032,1
402077,1
400352,1
401259,1
401872,1
404093,1
403481,1
403920,1
402239,1
400018,1
400266,1
403865,1
402329,1
404456,1
404766,1
404720,1
403508,1
401796,1
402825,1
403324,1
401959,1
402865,1
401607,1
400584,1
400727,1
401851,1
401240,1
404514,1
403589,1
402365,1
400567,1
403425,1
400219,1
402934,1
403090,1
400114,1
401524,1
402367,1
400900,1
404753,1
400455,1
404086,1
402280,1
403417,1
403410,1
404692,1
400378,1
403154,1
400958,1
400272,1
404943,1
400103,1
404108,1
402787,1
403753,1
400319,1
400349,1
403933,1
402458,1
404532,1
404180,1
404805,1
400025,1
403707,1
404241,1
404027,1
401110,1
400111,1
402276,1
404520,1
403982,1
402198,1
400098,1
402337,1
402452,1
401496,1
400366,1
400757,1
404039,1
404058,1
401066,1
400527,1
400988,1
402844,1
400446,1
401405,1
402132,1
400944,1
403301,1
402148,1
404550,1
402248,1
403778,1
402497,1
403439,1
403734,1
403965,1
402295,1
402841,1
401769,1
404413,1
402859,1
402962,1
403534,1
400663,1
404392,1
403004,1
404979,1
403459,1
404796,1
404593,1
404623,1
401022,1
400273,1
400573,1
400938,1
403376,1
404961,1
400974,1
404759,1
400673,1
404837,1
402646,1
401878,1
400954,1
401210,1
402168,1
401183,1
404319,1
403999,1
404451,1
402227,1
403013,1
402129,1
404848,1
402797,1
404626,1
403135,1
401928,1
403402,1
402353,1
402302,1
404081,1
403922,1
402906,1
402399,1
400246,1
401073,1
400260,1
401842,1
403240,1
402486,1
405016,1
401280,1
401840,1
401989,1
402321,1
400913,1
401677,1
404438,1
404953,1
402045,1
401051,1
400752,1
402528,1
402109,1
401374,1
400796,1
403674,1
403861,1
400454,1
403866,1
400361,1
404163,1
401313,1
400576,1
403203,1
400161,1
404356,1
401915,1
402155,1
401086,1
403774,1
404325,1
401537,1
401666,1
403068,1
403642,1
404964,1
401816,1
403608,1
402451,1
400212,1
404634,1
403719,1
404587,1
401191,1
403793,1
403136,1
403680,1
401640,1
404204,1
404274,1
400104,1
403222,1
403383,1
400583,1
404657,1
402423,1
401957,1
403710,1
404479,1
400195,1
402495,1
401558,1
401849,1
404618,1
400810,1
402033,1
404902,1
401215,1
400160,1
402790,1
400676,1
404612,1
400337,1
403149,1
400302,1
401202,1
402470,1
403599,1
404752,1
400723,1
403445,1
403243,1
400208,1
400244,1
403953,1
401879,1
404379,1
401400,1
402590,1
403915,1
404729,1
404575,1
401765,1
402919,1
403115,1
401223,1
401571,1
400631,1
404127,1
401630,1
404864,1
404258,1
402551,1
402152,1
402186,1
403379,1
401055,1
401445,1
402424,1
402202,1
400169,1
401716,1
403519,1
400243,1
400338,1
401526,1
401985,1
403569,1
400155,1
404075,1
404691,1
403668,1
400381,1
404857,1
404879,1
404605,1
403535,1
404068,1
401549,1
402188,1
400546,1
403411,1
403704,1
401730,1
404513,1
400580,1
404598,1
403810,1
404897,1
402832,1
400193,1
400148,1
404287,1
402977,1
400315,1
402067,1
403887,1
403741,1
401961,1
403472,1
402882,1
402803,1
400628,1
404847,1
401141,1
404199,1
400312,1
400157,1
402920,1
404304,1
401804,1
404958,1
403250,1
402834,1
403048,1
401349,1
401437,1
404822,1
402494,1
401644,1
402545,1
402058,1
403193,1
402586,1
404382,1
401932,1
404197,1
401149,1
404282,1
402747,1
400761,1
401479,1
400715,1
402595,1
404299,1
400456,1
400143,1
401142,1
402062,1
404202,1
402561,1
402521,1
403452,1
402437,1
400487,1
400308,1
403850,1
400183,1
404582,1
401994,1
402347,1
400946,1
404110,1
400505,1
401147,1
404103,1
401685,1
402257,1
402815,1
403094,1
400772,1
400736,1
401962,1
401820,1
401562,1
403873,1
400820,1
404844,1
400152,1
403382,1
400089,1
404001,1
402394,1
401310,1
403890,1
403075,1
402003,1
400987,1
403134,1
401766,1
401810,1
400221,1
404935,1
401062,1
401235,1
403033,1
402510,1
403479,1
402500,1
401958,1
401698,1
403232,1
401901,1
401983,1
402425,1
404734,1
403295,1
404231,1
400593,1
404041,1
402970,1
403906,1
401896,1
401969,1
400413,1
402490,1
401687,1
403913,1
402120,1
403158,1
403766,1
403744,1
403973,1
404250,1
402854,1
402933,1
400798,1
400088,1
401943,1
403814,1
402179,1
404290,1
404733,1
404188,1
404124,1
400241,1
403701,1
400637,1
404604,1
403185,1
403712,1
400490,1
402632,1
401311,1
403279,1
403690,1
402018,1
402097,1
404276,1
400884,1
402013,1
400326,1
403524,1
400050,1
402838,1
402002,1
402700,1
404459,1
404777,1
400625,1
401076,1
404400,1
404164,1
400369,1
401188,1
401659,1
400857,1
403010,1
400826,1
403639,1
404327,1
402884,1
401656,1
401576,1
400844,1
403409,1
403060,1
401177,1
403757,1
401074,1
401512,1
402830,1
404272,1
401514,1
404397,1
403594,1
400355,1
400658,1
404652,1
403675,1
402640,1
403808,1
401616,1
401466,1
404462,1
402958,1
400890,1
404369,1
401427,1
404125,1
402017,1
400354,1
401532,1
400278,1
402701,1
401432,1
403121,1
401554,1
401409,1
402351,1
402214,1
401173,1
400192,1
403713,1
404036,1
402949,1
404818,1
404549,1
400323,1
403146,1
404191,1
401070,1
404616,1
400239,1
400731,1
403771,1
404586,1
402892,1
402582,1
401343,1
402193,1
401560,1
402317,1
403495,1
401831,1
401363,1
403275,1
400744,1
403412,1
400766,1
402485,1
403967,1
400905,1
402719,1
403168,1
402996,1
402948,1
400863,1
402872,1
403896,1
403695,1
401117,1
401543,1
404156,1
402737,1
401499,1
400382,1
400156,1
404186,1
403380,1
403112,1
401707,1
403017,1
402612,1
400373,1
400914,1
402108,1
403867,1
402732,1
404057,1
401099,1
404725,1
403845,1
402395,1
402847,1
404923,1
401534,1
401027,1
403056,1
400587,1
401158,1
403461,1
401691,1
404478,1
400830,1
404267,1
402979,1
401230,1
403919,1
403247,1
404817,1
401853,1
400194,1
403507,1
403450,1
400611,1
401464,1
403504,1
402049,1
400351,1
402491,1
403061,1
404434,1
402496,1
402963,1
400853,1
401250,1
403801,1
401732,1
403596,1
404603,1
402885,1
403939,1
400519,1
401324,1
402252,1
401641,1
402624,1
402674,1
401898,1
401801,1
400475,1
402694,1
401650,1
403731,1
402080,1
403515,1
404786,1
403636,1
403767,1
404205,1
402968,1
404145,1
401366,1
403098,1
400795,1
401174,1
403270,1
400447,1
401748,1
400879,1
404005,1
403391,1
403311,1
402285,1
403543,1
403245,1
403885,1
400797,1
402544,1
402426,1
402543,1
402339,1
400770,1
401709,1
402630,1
401597,1
402519,1
402778,1
402262,1
401302,1
403623,1
401488,1
403571,1
404567,1
404544,1
401194,1
404640,1
403347,1
401696,1
403448,1
403745,1
401260,1
400185,1
402233,1
403228,1
403283,1
404754,1
403082,1
403553,1
404620,1
402826,1
402300,1
400039,1
401501,1
404477,1
403265,1
400632,1
404873,1
404297,1
402483,1
400823,1
400706,1
403102,1
402984,1
404015,1
400894,1
403300,1
403413,1
404854,1
402314,1
404388,1
404410,1
404350,1
403022,1
402268,1
400226,1
403533,1
404424,1
403107,1
404799,1
401975,1
401286,1
404508,1
403180,1
403928,1
402998,1
401946,1
400421,1
404716,1
404999,1
404715,1
400429,1
401144,1
402094,1
403853,1
400699,1
402581,1
401126,1
400994,1
403141,1
401733,1
402720,1
403994,1
404458,1
403043,1
403856,1
400390,1
400531,1
400885,1
402903,1
401678,1
400473,1
400960,1
404056,1
400501,1
403823,1
400945,1
404377,1
403219,1
401211,1
401083,1
402256,1
404011,1
403905,1
400687,1
400100,1
404554,1
402916,1
404841,1
400629,1
403864,1
401702,1
404727,1
404104,1
400855,1
402184,1
402606,1
404053,1
400178,1
400179,1
402507,1
400648,1
401297,1
404973,1
400970,1
401192,1
404491,1
403262,1
401663,1
400485,1
403637,1
401577,1
403205,1
404489,1
400506,1
402809,1
402271,1
404960,1
402076,1
402784,1
400121,1
400463,1
400808,1
401508,1
401681,1
400769,1
403927,1
400754,1
403183,1
403576,1
402615,1
400120,1
404932,1
403889,1
401522,1
401029,1
404391,1
404324,1
401538,1
401965,1
401439,1
401420,1
404316,1
402653,1
403647,1
402172,1
403421,1
401078,1
401795,1
402418,1
401231,1
400004,1
402279,1
401241,1
400469,1
400407,1
400977,1
400497,1
402369,1
401693,1
400158,1
401927,1
403769,1
403832,1
403323,1
404343,1
404680,1
402783,1
403314,1
402755,1
402320,1
404132,1
400998,1
403364,1
404390,1
401808,1
402472,1
404021,1
401365,1
403360,1
401918,1
403564,1
403131,1
401711,1
403677,1
400784,1
401662,1
404354,1
400392,1
400471,1
401442,1
400614,1
400883,1
403877,1
403405,1
403733,1
404471,1
402522,1
400929,1
400529,1
400010,1
402654,1
403437,1
402362,1
403092,1
404528,1
400714,1
401355,1
404831,1
401911,1
403209,1
404653,1
400858,1
401163,1
404771,1
400943,1
404710,1
404914,1
402642,1
401888,1
404029,1
402499,1
402596,1
401834,1
402937,1
404326,1
400258,1
405015,1
404218,1
403797,1
404972,1
404351,1
401160,1
403269,1
403972,1
403392,1
401864,1
400981,1
403387,1
402600,1
402874,1
401478,1
401233,1
401112,1
400533,1
403081,1
403427,1
402025,1
402598,1
401487,1
401884,1
401612,1
403551,1
401984,1
402899,1
401752,1
400495,1
402306,1
402911,1
402575,1
404997,1
403804,1
402659,1
404915,1
403768,1
402780,1
401610,1
401852,1
401645,1
403610,1
401049,1
403714,1
404117,1
400415,1
400222,1
400356,1
403306,1
404678,1
402107,1
400151,1
404866,1
403985,1
404908,1
400975,1
403348,1
400721,1
404409,1
402898,1
401186,1
402845,1
403257,1
401561,1
402570,1
400481,1
402856,1
404622,1
402150,1
403805,1
401868,1
401947,1
402411,1
402258,1
402650,1
402389,1
402927,1
401914,1
401953,1
402638,1
401136,1
402692,1
401232,1
403579,1
403990,1
402759,1
403486,1
402629,1
403230,1
404546,1
401038,1
401548,1
404745,1
404153,1
402041,1
403930,1
400277,1
402713,1
404998,1
403385,1
403077,1
401480,1
400930,1
401438,1
401897,1
400660,1
403825,1
400247,1
400464,1
400154,1
401981,1
400799,1
402907,1
404977,1
400696,1
400642,1
404246,1
400750,1
400210,1
401692,1
402174,1
404846,1
403489,1
402560,1
404422,1
400520,1
403456,1
402995,1
403116,1
404588,1
401827,1
404701,1
404664,1
404096,1
404615,1
400115,1
402777,1
400264,1
402030,1
400268,1
401768,1
404386,1
401015,1
404037,1
402370,1
404483,1
404800,1
401054,1
403988,1
400800,1
404050,1
404311,1
402667,1
401599,1
400200,1
402514,1
404539,1
403488,1
403718,1
401802,1
400072,1
401945,1
404022,1
403721,1
401819,1
403670,1
404946,1
401720,1
400256,1
400002,1
400850,1
403400,1
400871,1
403888,1
402338,1
400759,1
404229,1
401396,1
403071,1
402721,1
404485,1
401596,1
400500,1
401980,1
403294,1
403619,1
402352,1
401161,1
402686,1
404113,1
401552,1
402288,1
403475,1
402576,1
404501,1
400618,1
400630,1
401283,1
402158,1
402435,1
402372,1
402723,1
404901,1
404926,1
400402,1
402529,1
402319,1
402578,1
401775,1
404572,1
402550,1
402364,1
400898,1
404028,1
400822,1
400942,1
404310,1
401921,1
402559,1
404992,1
402980,1
401761,1
402019,1
402548,1
400697,1
403617,1
404737,1
402040,1
401493,1
400081,1
402122,1
400176,1
400255,1
402282,1
404542,1
400102,1
401030,1
402706,1
401018,1
400331,1
401172,1
404284,1
401542,1
401178,1
404524,1
400404,1
401972,1
404853,1
402585,1
403563,1
404187,1
401434,1
400107,1
400560,1
404545,1
401723,1
403014,1
403278,1
401861,1
402106,1
403870,1
402569,1
401131,1
402093,1
404119,1
402786,1
401813,1
401330,1
402796,1
400001,1
402904,1
401053,1
403976,1
400142,1
402513,1
403872,1
400424,1
403833,1
401623,1
400125,1
401498,1
404283,1
404714,1
402677,1
400535,1
401084,1
404270,1
403235,1
401637,1
400090,1
401088,1
400892,1
401944,1
403355,1
403654,1
400817,1
400038,1
401627,1
401017,1
402733,1
403238,1
403273,1
402142,1
402457,1
404381,1
401874,1
400536,1
401582,1
404269,1
402031,1
401497,1
404043,1
404648,1
401535,1
403500,1
401368,1
403218,1
403685,1
402216,1
401317,1
402163,1
400517,1
402921,1
402813,1
401772,1
403818,1
404883,1
400572,1
400747,1
404975,1
403799,1
404802,1
402944,1
402939,1
404411,1
402552,1
404955,1
401342,1
401837,1
401169,1
400909,1
402697,1
401121,1
401471,1
403101,1
403359,1
401764,1
402407,1
401622,1
400391,1
400919,1
404398,1
401154,1
401182,1
405001,1
401407,1
404076,1
400654,1
400448,1
402446,1
401652,1
400492,1
400596,1
402358,1
404365,1
400316,1
403366,1
400173,1
402741,1
401843,1
404102,1
403338,1
403612,1
402409,1
404819,1
400690,1
404133,1
400439,1
402453,1
401990,1
404555,1
401791,1
402162,1
400084,1
403900,1
402807,1
404607,1
401275,1
400685,1
400299,1
401798,1
404115,1
400726,1
403159,1
404628,1
402668,1
400701,1
403570,1
404088,1
403795,1
400652,1
403493,1
404825,1
403737,1
404536,1
404357,1
400891,1
401097,1
400643,1
404264,1
404238,1
404255,1
403961,1
402200,1
403700,1
401510,1
403119,1
404682,1
401862,1
402020,1
402416,1
403743,1
402843,1
402644,1
401694,1
403160,1
400741,1
403040,1
404900,1
404072,1
403266,1
401940,1
404210,1
404213,1
402761,1
401805,1
400540,1
400878,1
400021,1
400433,1
402072,1
402731,1
400066,1
404730,1
404719,1
402655,1
400679,1
403419,1
403565,1
403268,1
400398,1
402187,1
400984,1
404118,1
404473,1
400036,1
402628,1
402820,1
401988,1
403540,1
403601,1
400371,1
400024,1
401857,1
403272,1
401069,1
402414,1
404639,1
404684,1
404570,1
400329,1
400165,1
403284,1
404203,1
401316,1
401242,1
400443,1
403883,1
402324,1
404176,1
401967,1
403248,1
403467,1
404070,1
400811,1
403351,1
402740,1
400749,1
402189,1
404302,1
402050,1
404263,1
403062,1
400236,1
404135,1
402450,1
401372,1
401077,1
404006,1
403393,1
400932,1
401426,1
405009,1
401080,1
401590,1
400055,1
401755,1
401249,1
400827,1
403287,1
401370,1
401422,1
400138,1
400394,1
403607,1
401433,1
403457,1
403790,1
404291,1
404568,1
400418,1
404259,1
401128,1
401682,1
402254,1
402272,1
400187,1
400093,1
402048,1
400704,1
401265,1
400059,1
403894,1
402530,1
403945,1
404152,1
404040,1
401829,1
405010,1
404003,1
403251,1
404862,1
403830,1
403643,1
403854,1
402096,1
404150,1
400283,1
404688,1
402378,1
401525,1
400267,1
402391,1
401624,1
404558,1
403521,1
400948,1
402247,1
401253,1
404606,1
401106,1
403365,1
400360,1
402119,1
402666,1
402024,1
404433,1
403044,1
404035,1
402502,1
402027,1
404569,1
403780,1
403577,1
400262,1
402104,1
402315,1
404894,1
403025,1
405003,1
401591,1
403792,1
401091,1
401010,1
404584,1
403501,1
400014,1
401414,1
401245,1
402307,1
404838,1
403542,1
401474,1
403367,1
401718,1
402891,1
404212,1
400191,1
400604,1
402665,1
402448,1
403354,1
400015,1
403454,1
404348,1
400606,1
401824,1
404849,1
404658,1
402245,1
401546,1
404762,1
403763,1
403397,1
404707,1
403758,1
403315,1
403691,1
401323,1
402012,1
401998,1
402943,1
403100,1
401423,1
400048,1
402009,1
401148,1
401614,1
403502,1
401443,1
401923,1
401517,1
403977,1
404217,1
404247,1
400646,1
401646,1
401794,1
401287,1
401410,1
400370,1
401569,1
403123,1
404671,1
403908,1
403458,1
400539,1
400332,1
404556,1
403820,1
401519,1
401653,1
401132,1
403024,1
403657,1
401987,1
403316,1
404336,1
401486,1
402075,1
401470,1
403497,1
404614,1
402601,1
404793,1
404120,1
400368,1
402199,1
403446,1
404988,1
401341,1
404141,1
400734,1
400649,1
401684,1
403788,1
401456,1
403030,1
401942,1
401468,1
403296,1
403904,1
400845,1
404091,1
404286,1
403466,1
401016,1
403465,1
400044,1
400819,1
400512,1
405014,1
400634,1
404232,1
403482,1
401384,1
403242,1
404966,1
403442,1
401520,1
402520,1
400073,1
400888,1
402990,1
402880,1
401025,1
400011,1
403611,1
402623,1
402873,1
402429,1
404257,1
400345,1
400635,1
401887,1
402597,1
403911,1
404461,1
400514,1
400325,1
404480,1
404502,1
400955,1
404776,1
402234,1
403441,1
401093,1
401855,1
404109,1
401339,1
402217,1
401007,1
402176,1
403216,1
404131,1
401762,1
400437,1
404285,1
400523,1
404278,1
400458,1
400019,1
401408,1
403935,1
404030,1
401424,1
403843,1
403940,1
400051,1
401531,1
403416,1
404242,1
404948,1
403054,1
400052,1
401089,1
403746,1
400742,1
403140,1
403819,1
404627,1
403464,1
404706,1
401236,1
402183,1
404161,1
402744,1
400678,1
404219,1
404794,1
400996,1
402758,1
400348,1
402138,1
404201,1
404985,1
404708,1
401721,1
404599,1
400508,1
401919,1
401357,1
404389,1
400684,1
404971,1
400234,1
400638,1
400732,1
400847,1
403490,1
403267,1
404533,1
401873,1
400563,1
403693,1
403361,1
400862,1
400712,1
402413,1
402875,1
401833,1
400835,1
402354,1
403390,1
400261,1
402010,1
404220,1
402557,1
404151,1
401208,1
401725,1
402383,1
400927,1
403142,1
403058,1
401643,1
403462,1
400020,1
400427,1
401328,1
403289,1
404611,1
401332,1
402527,1
403785,1
400310,1
401822,1
402594,1
400279,1
403095,1
404812,1
402814,1
404941,1
404530,1
402853,1
404064,1
403817,1
404597,1
403188,1
403926,1
404850,1
402350,1
400662,1
400815,1
402584,1
400645,1
400543,1
401452,1
401736,1
403931,1
404306,1
401513,1
401381,1
404317,1
404266,1
401667,1
403215,1
403871,1
400367,1
403155,1
400395,1
400280,1
402447,1
402225,1
402546,1
403076,1
400805,1
403137,1
401963,1
404891,1
403884,1
401450,1
400650,1
402849,1
400493,1
400252,1
403156,1
401777,1
402549,1
402905,1
404828,1
402488,1
401527,1
401345,1
400128,1
403434,1
401026,1
401869,1
404279,1
404537,1
401578,1
400708,1
400828,1
401592,1
404071,1
402961,1
401152,1
400294,1
403249,1
404494,1
403893,1
403281,1
401654,1
404371,1
403724,1
402121,1
404872,1
401647,1
401511,1
404455,1
404016,1
404885,1
404421,1
400406,1
403831,1
403431,1
404439,1
402360,1
404635,1
400377,1
404907,1
403063,1
401153,1
404731,1
402445,1
400870,1
404767,1
401555,1
401540,1
403839,1
401556,1
403480,1
401521,1
404366,1
402925,1
402609,1
402001,1
404944,1
401976,1
403277,1
402454,1
400426,1
400003,1
402616,1
401325,1
404084,1
401065,1
401351,1
400902,1
401267,1
403702,1
401594,1
401710,1
402455,1
403373,1
403053,1
404666,1
402051,1
402482,1
400816,1
400605,1
400964,1
403179,1
402791,1
402266,1
403659,1
403290,1
401293,1
401002,1
402459,1
402069,1
402789,1
401134,1
402318,1
401674,1
402556,1
400952,1
402089,1
402249,1
404308,1
400760,1
404082,1
401043,1
403505,1
402205,1
401244,1
402942,1
400488,1
402710,1
404986,1
401504,1
401880,1
403503,1
400912,1
403878,1
400995,1
402818,1
402773,1
403531,1
403320,1
402580,1
402371,1
402788,1
404405,1
401251,1
401277,1
403444,1
401072,1
401390,1
401713,1
401832,1
401729,1
403386,1
404947,1
404562,1
402574,1
402683,1
403108,1
400877,1
404596,1
401119,1
403847,1
404519,1
400555,1
400599,1
402055,1
403966,1
403549,1
404896,1
401246,1
403239,1
400189,1
403869,1
403259,1
404980,1
403498,1
404694,1
404655,1
400122,1
404843,1
401565,1
404553,1
403302,1
400388,1
402046,1
401180,1
402929,1
400484,1
404020,1
401661,1
402275,1
403614,1
404650,1
403770,1
403378,1
401197,1
404600,1
403200,1
400215,1
404523,1
400180,1
401996,1
402757,1
403756,1
403751,1
401704,1
404751,1
404952,1
403834,1
400087,1
402748,1
402810,1
403857,1
405012,1
400765,1
400790,1
400082,1
400401,1
400579,1
402005,1
400202,1
402823,1
403286,1
400965,1
401776,1
403840,1
402141,1
403791,1
402259,1
402567,1
404033,1
402846,1
404047,1
402221,1
404785,1
401904,1
401044,1
401598,1
400686,1
400889,1
404906,1
401844,1
404341,1
400482,1
400203,1
402607,1
400806,1
401003,1
401553,1
403207,1
403165,1
402410,1
402964,1
402714,1
402181,1
401270,1
402951,1
404169,1
403632,1
404239,1
401925,1
404809,1
400982,1
400229,1
404013,1
400213,1
404732,1
402215,1
402912,1
402541,1
404784,1
401403,1
403451,1
404925,1
402835,1
402978,1
402772,1
400526,1
402536,1
403151,1
402746,1
404540,1
401031,1
400453,1
404207,1
402348,1
402756,1
404256,1
400422,1
402403,1
403649,1
404280,1
400420,1
404482,1
402621,1
403955,1
403811,1
402134,1
404933,1
403604,1
400333,1
400848,1
404142,1
404880,1
404223,1
401676,1
401431,1
404374,1
402870,1
400710,1
400237,1
402547,1
400547,1
404842,1
401165,1
400054,1
402800,1
403016,1
400677,1
400503,1
401059,1
403132,1
402535,1
403552,1
401206,1
404521,1
401934,1
400070,1
400013,1
403343,1
402960,1
403997,1
402989,1
404193,1
400602,1
404375,1
400722,1
403476,1
402313,1
401229,1
402895,1
402817,1
400791,1
401358,1
404522,1
403526,1
400116,1
402015,1
402161,1
400537,1
404632,1
400149,1
400825,1
402981,1
403045,1
400590,1
400228,1
403958,1
402029,1
403907,1
404704,1
400419,1
402515,1
401605,1
404017,1
404743,1
401219,1
400249,1
402850,1
404726,1
400788,1
401159,1
400423,1
404492,1
400177,1
401079,1
401460,1
402443,1
402167,1
402116,1
400908,1
403293,1
401492,1
403717,1
402462,1
402524,1
401870,1
401058,1
403518,1
400197,1
401122,1
403337,1
404065,1
404820,1
402738,1
400041,1
400380,1
402564,1
404004,1
404878,1
403263,1
400768,1
404824,1
404372,1
403231,1
404717,1
404775,1
404535,1
401108,1
402263,1
404383,1
402204,1
404182,1
401774,1
401854,1
404107,1
401115,1
402774,1
403072,1
400109,1
404361,1
403019,1
401636,1
401484,1
404518,1
400682,1
404067,1
400145,1
404661,1
402128,1
402881,1
403765,1
404942,1
403091,1
404813,1
404414,1
403538,1
400549,1
401354,1
403514,1
401116,1
403747,1
400671,1
404352,1
401991,1
400129,1
403667,1
402286,1
403673,1
402100,1
402178,1
404945,1
400896,1
402356,1
400633,1
401625,1
404245,1
403212,1
402690,1
402412,1
404990,1
402088,1
403672,1
401790,1
404116,1
404060,1
404023,1
400522,1
405021,1
400062,1
401528,1
403929,1
400057,1
402333,1
402231,1
404215,1
404334,1
403122,1
403993,1
402373,1
402982,1
404209,1
401675,1
401533,1
402095,1
402469,1
402136,1
402190,1
403517,1
405007,1
401021,1
403139,1
400518,1
403335,1
401929,1
402137,1
400986,1
400528,1
401974,1
402085,1
403079,1
404829,1
403762,1
404994,1
403903,1
402538,1
403537,1
404735,1
402464,1
400491,1
400445,1
404262,1
400432,1
404078,1
401176,1
403852,1
400140,1
403583,1
403264,1
400565,1
403585,1
401617,1
404738,1
402603,1
403772,1
404168,1
401212,1
400133,1
400511,1
403322,1
403625,1
404260,1
403305,1
403047,1
403477,1
400578,1
403936,1
401799,1
400620,1
401457,1
404320,1
402408,1
403752,1
401900,1
403177,1
400667,1
404835,1
404069,1
401336,1
401724,1
404810,1
401894,1
402941,1
404054,1
402099,1
402599,1
403147,1
402237,1
401217,1
400207,1
401255,1
403740,1
402090,1
404014,1
403169,1
400077,1
403161,1
402682,1
404876,1
403046,1
402007,1
403665,1
404063,1
401655,1
401101,1
402657,1
401305,1
402270,1
403260,1
401137,1
403648,1
401196,1
403978,1
401839,1
402689,1
401463,1
403938,1
400364,1
404741,1
401559,1
400108,1
403271,1
404566,1
404179,1
400460,1
404123,1
402432,1
402316,1
402631,1
402039,1
405019,1
403663,1
400163,1
403536,1
403093,1
403798,1
401770,1
403020,1
401738,1
402764,1
402166,1
404251,1
401803,1
401931,1
402208,1
404974,1
404138,1
403181,1
403706,1
400829,1
404801,1
404700,1
404095,1
402146,1
403111,1
404094,1
400305,1
403298,1
401586,1
404404,1
402376,1
400079,1
402923,1
402648,1
403696,1
401785,1
403891,1
402135,1
402917,1
400005,1
402539,1
400113,1
401530,1
402793,1
400897,1
402130,1
400789,1
400224,1
400856,1
402808,1
403435,1
400556,1
404437,1
401398,1
402866,1
401395,1
402035,1
403145,1
403163,1
401811,1
400150,1
403000,1
400692,1
400095,1
400359,1
403956,1
404867,1
401806,1
401632,1
404321,1
401977,1
404355,1
401105,1
403796,1
402171,1
401935,1
403469,1
404833,1
403297,1
401299,1
401143,1
402914,1
400043,1
404950,1
401362,1
400205,1
404157,1
404051,1
401917,1
404412,1
400435,1
404249,1
401658,1
404184,1
403698,1
403236,1
400904,1
403912,1
401203,1
401626,1
404609,1
403143,1
402641,1
401082,1
404055,1
401906,1
404591,1
404919,1
401453,1
401836,1
401009,1
401378,1
404149,1
401289,1
404077,1
403874,1
401247,1
401092,1
400776,1
400513,1
403826,1
400293,1
404143,1
404136,1
402484,1
401187,1
401648,1
401301,1
401214,1
403428,1
401020,1
404170,1
404318,1
402952,1
400196,1
404034,1
401369,1
400748,1
404531,1
403069,1
403225,1
404073,1
400672,1
403173,1
403055,1
404968,1
402573,1
402492,1
401063,1
400544,1
401102,1
400568,1
402730,1
402278,1
402614,1
401536,1
404934,1
401402,1
400774,1
403384,1
400849,1
401838,1
401052,1
401759,1
404728,1
403114,1
401118,1
402639,1
402463,1
403026,1
402438,1
401572,1
400430,1
400483,1
404832,1
403802,1
402201,1
403280,1
400717,1
401964,1
404425,1
404608,1
404783,1
402953,1
404761,1
402664,1
402869,1
404624,1
401421,1
400616,1
402180,1
402444,1
401382,1
402707,1
402074,1
401503,1
404665,1
401306,1
403252,1
401392,1
401145,1
403748,1
402165,1
403807,1
404778,1
402182,1
400083,1
402878,1
402474,1
404774,1
402685,1
402955,1
403162,1
404443,1
400063,1
403895,1
402334,1
404487,1
404791,1
401109,1
400738,1
404779,1
400683,1
403087,1
402206,1
403332,1
404019,1
400882,1
402816,1
400609,1
403851,1
403194,1
402801,1
403083,1
404939,1
404008,1
404194,1
401028,1
402983,1
404836,1
400656,1
403443,1
403128,1
403605,1
402380,1
404659,1
401568,1
401201,1
401252,1
400577,1
402822,1
402837,1
401340,1
402974,1
400864,1
400992,1
403815,1
404159,1
404463,1
404253,1
403989,1
404856,1
402368,1
400843,1
402636,1
403650,1
403506,1
402708,1
402154,1
402195,1
401263,1
400238,1
403080,1
403687,1
403152,1
402284,1
401419,1
402516,1
400959,1
400764,1
400924,1
401631,1
400951,1
400842,1
404403,1
401455,1
404373,1
403468,1
401800,1
403023,1
401621,1
403773,1
402281,1
400386,1
403635,1
400575,1
402610,1
403882,1
404668,1
403876,1
400887,1
401205,1
400399,1
400334,1
401695,1
400554,1
402861,1
400901,1
402379,1
402043,1
401041,1
405002,1
402698,1
400659,1
403089,1
400209,1
401979,1
400068,1
403996,1
402021,1
400993,1
404450,1
401877,1
400410,1
403638,1
402232,1
400376,1
402602,1
403729,1
403345,1
401064,1
403764,1
402068,1
401523,1
404884,1
404396,1
401783,1
400123,1
402004,1
403066,1
402749,1
400610,1
402525,1
401300,1
400275,1
400972,1
401564,1
401298,1
403401,1
404360,1
401670,1
403509,1
404085,1
403274,1
403133,1
403640,1
401333,1
402678,1
402390,1
403113,1
404089,1
404807,1
402287,1
400303,1
401740,1
404560,1
403910,1
400758,1
403254,1
402118,1
404098,1
401353,1
401673,1
404080,1
401913,1
400132,1
402479,1
401604,1
401469,1
404904,1
403980,1
402439,1
402924,1
404481,1
402309,1
401184,1
404981,1
404693,1
402661,1
404689,1
401057,1
401712,1
400112,1
401127,1
400509,1
404889,1
402260,1
404235,1
404922,1
403969,1
403312,1
400320,1
404503,1
400619,1
401491,1
400141,1
401111,1
401828,1
403951,1
403587,1
402328,1
401481,1
403129,1
402229,1
402728,1
400591,1
402393,1
401875,1
401113,1
402498,1
400525,1
404996,1
403499,1
401585,1
401642,1
400910,1
404460,1
402264,1
402568,1
404440,1
401739,1
404406,1
400600,1
402361,1
400284,1
402079,1
402064,1
400978,1
404162,1
402618,1
400304,1
401435,1
401046,1
401717,1
404385,1
401613,1
401204,1
403730,1
402736,1
400792,1
404211,1
404602,1
400832,1
404254,1
402704,1
401337,1
400468,1
400328,1
400612,1
404144,1
404712,1
400411,1
402824,1
401847,1
402487,1
401138,1
404644,1
403618,1
404441,1
400201,1
404493,1
401999,1
403954,1
404307,1
400947,1
404332,1
404723,1
404875,1
401181,1
401472,1
401278,1
404359,1
400926,1
403828,1
402558,1
403708,1
403629,1
403651,1
404543,1
402993,1
404579,1
402999,1
405004,1
403655,1
404699,1
401383,1
401195,1
402224,1
402553,1
401657,1
404927,1
402804,1
404174,1
401891,1
402349,1
402555,1
404590,1
404744,1
401237,1
403602,1
403609,1
404208,1
403968,1
400253,1
404436,1
401388,1
400669,1
401743,1
400545,1
400911,1
402341,1
400627,1
402768,1
400574,1
400950,1
401239,1
400405,1
405022,1
403841,1
401050,1
403011,1
402792,1
401968,1
402084,1
404105,1
400983,1
403739,1
404747,1
402676,1
403374,1
403198,1
403560,1
402994,1
402400,1
400703,1
403186,1
402156,1
400733,1
400836,1
402715,1
400301,1
400498,1
400365,1
403327,1
402681,1
404746,1
401425,1
400562,1
403948,1
401793,1
404911,1
404323,1
401688,1
404928,1
403074,1
400144,1
402226,1
402750,1
400357,1
401401,1
400058,1
403197,1
401123,1
401344,1
404009,1
401155,1
401035,1
400389,1
401185,1
400265,1
401703,1
402374,1
401309,1
404576,1
402194,1
400530,1
401096,1
402537,1
402725,1
402572,1
404787,1
401033,1
400607,1
403223,1
400080,1
403863,1
403447,1
401779,1
400231,1
402473,1
402140,1
404190,1
403440,1
403192,1
402028,1
404401,1
402967,1
402670,1
400159,1
402066,1
402613,1
400940,1
400067,1
403644,1
402087,1
402422,1
404248,1
402304,1
401166,1
403946,1
400581,1
402355,1
400106,1
402419,1
404428,1
402695,1
400786,1
404333,1
400168,1
404851,1
404464,1
401451,1
404861,1
402752,1
405008,1
404739,1
403631,1
400119,1
403174,1
404484,1
401156,1
401454,1
401068,1
403952,1
400621,1
401916,1
401004,1
403369,1
404676,1
401394,1
400860,1
402053,1
401461,1
401797,1
401075,1
404468,1
404749,1
402070,1
404112,1
403118,1
403699,1
404106,1
402255,1
403124,1
402936,1
401218,1
400647,1
400740,1
402886,1
402532,1
404756,1
402910,1
401428,1
403255,1
401356,1
400756,1
401308,1
402331,1
403433,1
403117,1
401441,1
404244,1
402868,1
400343,1
403041,1
401580,1
402151,1
403925,1
403110,1
402344,1
401107,1
402415,1
404595,1
403720,1
403546,1
400309,1
403735,1
400928,1
403800,1
403487,1
403547,1
403846,1
402688,1
400793,1
400434,1
401413,1
401986,1
404018,1
404314,1
403241,1
403759,1
404289,1
403838,1
402343,1
402965,1
401071,1
400457,1
402493,1
402170,1
400895,1
404557,1
400821,1
402972,1
402404,1
404696,1
404281,1
402617,1
404227,1
401266,1
402734,1
402363,1
401399,1
402291,1
403334,1
403776,1
403244,1
402038,1
402466,1
403627,1
403584,1
401256,1
402366,1
400963,1
404924,1
401589,1
404645,1
404384,1
400166,1
400664,1
402489,1
400969,1
403962,1
404662,1
402840,1
400227,1
402440,1
402016,1
402037,1
404768,1
400489,1
403172,1
401633,1
405018,1
400033,1
404079,1
404643,1
404031,1
400589,1
402833,1
401264,1
401346,1
403492,1
404695,1
401090,1
401788,1
403662,1
401023,1
401907,1
402651,1
401406,1
403008,1
402540,1
401085,1
400700,1
402971,1
402754,1
404181,1
403836,1
401619,1
402392,1
404155,1
403309,1
404718,1
401198,1
404510,1
402242,1
400321,1
400552,1
404811,1
401809,1
401760,1
402663,1
402591,1
404803,1
401787,1
400771,1
402562,1
400985,1
402346,1
402645,1
404541,1
402173,1
401995,1
400636,1
402662,1
402431,1
402125,1
404672,1
402292,1
402305,1
400232,1
400300,1
404757,1
404378,1
403917,1
404987,1
403356,1
404561,1
402739,1
401447,1
402879,1
403426,1
400027,1
403304,1
404780,1
400918,1
404090,1
401006,1
404827,1
403964,1
403742,1
401012,1
400813,1
404165,1
403282,1
400340,1
404002,1
400071,1
404340,1
403460,1
404773,1
400314,1
404137,1
402799,1
404196,1
402294,1
402219,1
402081,1
403971,1
404574,1
402652,1
400162,1
403496,1
403566,1
402973,1
404686,1
400971,1
401602,1
404177,1
403592,1
404059,1
401747,1
404230,1
404012,1
403555,1
401412,1
403666,1
403991,1
402131,1
402478,1
403809,1
404578,1
401485,1
403407,1
404912,1
403689,1
404192,1
400486,1
401098,1
403473,1
402103,1
401686,1
403031,1
402396,1
403057,1
404859,1
405013,1
400705,1
403859,1
404526,1
401179,1
404100,1
402061,1
403474,1
404890,1
403998,1
400417,1
403208,1
402855,1
402702,1
400939,1
404823,1
404636,1
401825,1
401734,1
400767,1
402273,1
402957,1
404763,1
402327,1
402057,1
400042,1
402211,1
402253,1
404472,1
401045,1
402382,1
402434,1
403902,1
400007,1
403626,1
403995,1
401966,1
404062,1
400450,1
400624,1
403581,1
404312,1
400999,1
400778,1
401094,1
401129,1
404364,1
402056,1
400297,1
401933,1
400934,1
402023,1
404937,1
402563,1
401751,1
401290,1
400170,1
401120,1
402795,1
404173,1
401518,1
402332,1
404637,1
401489,1
401318,1
402303,1
402931,1
400866,1
404931,1
402751,1
403860,1
403979,1
400204,1
404224,1
402063,1
404764,1
404940,1
400595,1
400807,1
400336,1
402821,1
404407,1
404910,1
403682,1
401951,1
400674,1
402086,1
401588,1
400206,1
401281,1
401417,1
403697,1
402427,1
404448,1
403709,1
400056,1
400880,1
401262,1
400561,1
403204,1
402901,1
402675,1
402222,1
402042,1
404905,1
400551,1
402481,1
401845,1
403848,1
404782,1
401924,1
400695,1
404765,1
403341,1
401467,1
401922,1
403214,1
402637,1
402512,1
401067,1
404313,1
404991,1
400105,1
404670,1
403628,1
403916,1
402340,1
400601,1
404470,1
401860,1
403544,1
400444,1
401551,1
400980,1
403494,1
401285,1
403333,1
404171,1
401436,1
400330,1
402727,1
401312,1
404432,1
403292,1
404633,1
403176,1
403600,1
401603,1
400608,1
404449,1
403007,1
400363,1
404936,1
401649,1
404185,1
404435,1
404066,1
403220,1
402220,1
401893,1
402781,1
402691,1
400626,1
401628,1
404724,1
400661,1
402696,1
400347,1
402839,1
400720,1
404772,1
400342,1
404387,1
400617,1
401385,1
401727,1
402092,1
401895,1
403388,1
404869,1
404806,1
404748,1
401387,1
400874,1
404457,1
404641,1
404882,1
403157,1
403009,1
402430,1
401818,1
402377,1
403420,1
402605,1
402501,1
403339,1
400470,1
401708,1
403520,1
401162,1
403949,1
402381,1
402505,1
400341,1
404673,1
403202,1
402991,1
400288,1
403598,1
403588,1
403029,1
402047,1
403015,1
404580,1
401465,1
404305,1
402359,1
400269,1
402634,1
402289,1
400153,1
400263,1
404559,1
400476,1
403516,1
400922,1
402213,1
401272,1
402660,1
404858,1
403308,1
402503,1
401821,1
403532,1
403879,1
403344,1
402523,1
400739,1
404870,1
404887,1
403415,1
403984,1
404128,1
402680,1
404442,1
401375,1
401254,1
404363,1
400295,1
402896,1
400472,1
401680,1
404452,1
405017,1
401939,1
403530,1
403182,1
403103,1
401257,1
403660,1
404465,1
403941,1
403036,1
404619,1
401992,1
404345,1
403389,1
404335,1
403430,1
401001,1
404175,1
400225,1
404271,1
401746,1
404646,1
403761,1
400292,1
403233,1
403914,1
400872,1
400372,1
400358,1
404642,1
402587,1
404709,1
402829,1
401164,1
401483,1
401367,1
402785,1
402542,1
400296,1
400049,1
404755,1
402770,1
403630,1
401319,1
403403,1
402565,1
402743,1
401781,1
404000,1
400558,1
400743,1
404760,1
404329,1
402517,1
401892,1
401515,1
402684,1
401288,1
404499,1
400941,1
400046,1
404956,1
404301,1
400921,1
404675,1
402711,1
402705,1
403329,1
401189,1
401224,1
404982,1
402579,1
400566,1
400307,1
403002,1
404160,1
404052,1
401273,1
404353,1
402883,1
402123,1
401910,1
404122,1
400408,1
404466,1
402398,1
400724,1
404130,1
403634,1
404236,1
401705,1
401978,1
403937,1
403353,1
403196,1
401815,1
402251,1
401359,1
403038,1
403664,1
402959,1
400613,1
403166,1
402133,1
400060,1
402888,1
403590,1
401364,1
400086,1
401830,1
403523,1
404147,1
403144,1
400218,1
403164,1
404585,1
400074,1
403983,1
405006,1
401719,1
400286,1
404394,1
400396,1
404989,1
402922,1
402428,1
401459,1
400452,1
402145,1
404347,1
404370,1
402036,1
405011,1
404395,1
404228,1
403051,1
402078,1
400997,1
400598,1
403822,1
403837,1
401903,1
400298,1
402851,1
404486,1
401506,1
403881,1
402782,1
404445,1
400665,1
402325,1
402476,1
403568,1
400171,1
402987,1
401361,1
402342,1
400893,1
403981,1
401509,1
403595,1
401320,1
400542,1
403027,1
400668,1
401307,1
402471,1
400393,1
400814,1
402893,1
401279,1
403975,1
403806,1
401993,1
400478,1
402932,1
402207,1
403213,1
404010,1
403470,1
401587,1
401505,1
404309,1
403603,1
401955,1
404344,1
400989,1
402997,1
400933,1
403835,1
401890,1
402518,1
403653,1
403352,1
400931,1
403755,1
401699,1
403138,1
402267,1
400783,1
402716,1
401234,1
400794,1
402604,1
402250,1
402909,1
402241,1
404380,1
404886,1
400867,1
404804,1
404874,1
403084,1
404721,1
402534,1
403126,1
402769,1
404654,1
404025,1
400291,1
403992,1
403184,1
400716,1
402345,1
403529,1
400899,1
404061,1
403829,1
403127,1
400644,1
401216,1
404294,1
402011,1
402203,1
402177,1
403150,1
402126,1
400516,1
400801,1
401036,1
400441,1
400387,1
400979,1
403868,1
404315,1
401430,1
403692,1
401011,1
403901,1
404984,1
402779,1
400571,1
403947,1
400713,1
402421,1
401620,1
402274,1
404816,1
404630,1
404296,1
402894,1
400680,1
400248,1
400009,1
403715,1
400802,1
400045,1
402449,1
404114,1
404337,1
400818,1
403844,1
400335,1
402988,1
404781,1
401282,1
403408,1
400824,1
403285,1
402228,1
404758,1
403750,1
400745,1
400069,1
404651,1
400875,1
401056,1
400053,1
400146,1
403572,1
402269,1
401446,1
402860,1
404338,1
401047,1
401867,1
404770,1
404252,1
401087,1
401938,1
404577,1
400949,1
404703,1
401883,1
400094,1
403120,1
404416,1
404111,1
404265,1
402402,1
401338,1
403732,1
401639,1
404146,1
404789,1
404233,1
401440,1
400504,1
404475,1
400781,1
401039,1
404504,1
401973,1
401584,1
402299,1
400876,1
402986,1
400507,1
404234,1
401609,1
401886,1
403561,1
403779,1
400906,1
401948,1
403049,1
402608,1
401193,1
404631,1
402956,1
402969,1
400425,1
401048,1
401207,1
403711,1
400916,1
400557,1
403892,1
404913,1
402297,1
401570,1
402387,1
404860,1
401550,1
404026,1
401516,1
401547,1
404647,1
400691,1
403862,1
402467,1
400350,1
403455,1
404581,1
400259,1
402322,1
402724,1
403880,1
400130,1
401284,1
403039,1
401735,1
402311,1
401882,1
402124,1
403381,1
403059,1
400474,1
401763,1
401856,1
400694,1
404237,1
403781,1
404740,1
401321,1
400029,1
404268,1
400240,1
402209,1
401500,1
400442,1
400139,1
402848,1
403211,1
401600,1
403105,1
401881,1
402401,1
400961,1
404454,1
400737,1
404330,1
401335,1
403875,1
404711,1
401482,1
403237,1
402054,1
401373,1
404674,1
403206,1
403688,1
401037,1
403786,1
404548,1
404476,1
403597,1
404681,1
404722,1
401331,1
400592,1
400834,1
403234,1
401668,1
402326,1
400096,1
404300,1
403669,1
401954,1
400346,1
403438,1
404583,1
402889,1
401930,1
404420,1
403622,1
403528,1
402526,1
401545,1
402926,1
400729,1
404101,1
403658,1
403362,1
402052,1
401261,1
403593,1
403686,1
400467,1
400968,1
404362,1
401866,1
400126,1
401786,1
403368,1
403624,1
400541,1
402673,1
404594,1
400117,1
404573,1
402442,1
400182,1
402083,1
403037,1
404918,1
401315,1
402975,1
402169,1
400233,1
401780,1
402802,1
401539,1
400803,1
400245,1
400383,1
401583,1
401575,1
401745,1
401139,1
402301,1
404713,1
402246,1
400462,1
404189,1
402212,1
404198,1
402290,1
403512,1
403548,1
404660,1
404222,1
401429,1
400220,1
402157,1
400271,1
400753,1
404909,1
404881,1
402699,1
402712,1
403097,1
402940,1
401397,1
400973,1
402196,1
400976,1
404871,1
404564,1
403357,1
403681,1
403012,1
401040,1
401213,1
401706,1
400859,1
403722,1
404139,1
403921,1
401248,1
401114,1
401458,1
403331,1
404049,1
400026,1
401701,1
403175,1
404888,1
402966,1
403340,1
402722,1
400755,1
402296,1
402709,1
403616,1
401296,1
400022,1
400499,1
401133,1
400032,1
400375,1
400006,1
402477,1
404042,1
402143,1
401846,1
400101,1
401350,1
402223,1
402059,1
402139,1
403423,1
400230,1
400318,1
404506,1
402235,1
403812,1
401941,1
402071,1
403167,1
402669,1
403342,1
403088,1
400217,1
404044,1
401871,1
401629,1
401744,1
404613,1
402992,1
403307,1
400881,1
403346,1
404551,1
401490,1
404995,1
404976,1
404821,1
404969,1
400075,1
401379,1
400707,1
404277,1
401579,1
404916,1
401635,1
402703,1
400214,1
404638,1
402687,1
400763,1
402375,1
402760,1
400837,1
403130,1
403371,1
401061,1
402461,1
400688,1
401754,1
403562,1
404393,1
404808,1
403226,1
401014,1
403190,1
404427,1
400831,1
402073,1
403789,1
404547,1
404346,1
400078,1
403586,1
401728,1
404529,1
402913,1
400809,1
403898,1
400281,1
401567,1
403641,1
401908,1
404552,1
402726,1
401595,1
404921,1
402191,1
400956,1
402776,1
401611,1
402876,1
403375,1
403178,1
401034,1
401581,1
400538,1
400167,1
404895,1
400594,1
400622,1
403189,1
403085,1
403679,1
401243,1
404402,1
403471,1
402388,1
400199,1
402626,1
404790,1
402620,1
404507,1
404429,1
401103,1
402420,1
403358,1
403646,1
402766,1
402238,1
404415,1
401784,1
404690,1
404967,1
402330,1
401722,1
403974,1
401404,1
401271,1
403726,1
404178,1
400532,1
400957,1
402858,1
400174,1
404993,1
401563,1
401326,1
404126,1
402805,1
404430,1
404863,1
401268,1
404839,1
401228,1
403463,1
402592,1
402397,1
403787,1
403615,1
401104,1
404949,1
402160,1
402102,1
400412,1
404024,1
400639,1
402763,1
404698,1
404240,1
401690,1
403330,1
401146,1
400270,1
404074,1
403436,1
403065,1
401750,1
402745,1
404221,1
400431,1
403816,1
400782,1
401950,1
404592,1
400282,1
401258,1
403656,1
401557,1
400285,1
401140,1
404097,1
401238,1
400440,1
401850,1
401200,1
402298,1
401937,1
403918,1
404331,1
402310,1
400459,1
400670,1
402593,1
401295,1
401664,1
401327,1
404625,1
403510,1
400324,1
402014,1
403725,1
400436,1
400216,1
402945,1
404797,1
403716,1
403606,1
401495,1
403754,1
402798,1
401841,1
403064,1
400777,1
401393,1
401889,1
401449,1
400124,1
402588,1
403591,1
402101,1
401970,1
402812,1
403187,1
403377,1
404705,1
403086,1
401885,1
403028,1
402828,1
401683,1
400521,1
401726,1
403513,1
403078,1
400428,1
401209,1
401936,1
404206,1
403803,1
401348,1
401135,1
403253,1
400211,1
402022,1
404225,1
404970,1
401638,1
401376,1
403970,1
400188,1
403783,1
404750,1
401982,1
401731,1
402144,1
403886,1
401660,1
401125,1
401024,1
401371,1
402753,1
400719,1
401476,1
402771,1
402153,1
404419,1
402862,1
402240,1
402112,1
404423,1
404769,1
401669,1
403684,1
402819,1
401789,1
403557,1
403398,1
400313,1
401391,1
404495,1
401742,1
404830,1
403035,1
404288,1
400623,1
403422,1
404243,1
404349,1
402509,1
403897,1
404957,1
402460,1
403575,1
404167,1
404148,1
404667,1
403394,1
404500,1
404798,1
403418,1
401615,1
400414,1
403545,1
400588,1
401329,1
400937,1
401226,1
400385,1
400833,1
404697,1
401225,1
403986,1
400854,1
402210,1
401095,1
403153,1
403326,1
404589,1
400666,1
404368,1
404376,1
403934,1
400461,1
403432,1
403942,1
402508,1
400962,1
402506,1
402417,1
400917,1
403784,1
404134,1
400164,1
402147,1
402115,1
404959,1
403325,1
402647,1
400223,1
404515,1
403580,1
404303,1
401150,1
400289,1
400869,1
402887,1
402091,1
400709,1
402384,1
401175,1
401276,1
403199,1
400235,1
404917,1
401377,1
403661,1
403483,1
404865,1
403736,1
402312,1
403678,1
403261,1
400181,1
403229,1
401032,1
402244,1
400681,1
402950,1
401386,1
401767,1
404610,1
404172,1
401700,1
400186,1
404685,1
404195,1
400597,1
400339,1
401601,1
404446,1
400023,1
403109,1
402928,1
403582,1
402308,1
400702,1
403909,1
404216,1
402679,1
403363,1
403703,1
403923,1
401389,1
401671,1
402762,1
400276,1
404795,1
400886,1
400515,1
403484,1
401971,1
402672,1
400362,1
401000,1
402105,1
402765,1
402863,1
403728,1
402806,1
401679,1
401651,1
403328,1
400175,1
404815,1
402406,1
404954,1
403067,1
400110,1
400641,1
401168,1
403299,1
402946,1
401199,1
404048,1
403003,1
401190,1
400615,1
402717,1
403554,1
401574,1
401360,1
403336,1
402857,1
403567,1
401593,1
404852,1
402034,1
404892,1
400131,1
402159,1
400966,1
401773,1
401771,1
404342,1
403006,1
400061,1
401529,1
404275,1
400400,1
401008,1
402117,1
400559,1
400480,1
402504,1
401782,1
400841,1
400785,1
401634,1
404629,1
402008,1
401462,1
403613,1
402938,1
403527,1
401444,1
404898,1
404367,1
402577,1
400028,1
402656,1
402625,1
400064,1
403096,1
404498,1
403645,1
400582,1
400397,1
404742,1
400534,1
402658,1
401909,1
400344,1
400118,1
402433,1
404929,1
401689,1
403399,1
404293,1
403227,1
402622,1
402197,1
400099,1
402357,1
402456,1
402465,1
401269,1
400065,1
403782,1
400134,1
400775,1
402571,1
404083,1
403170,1
402831,1
403191,1
404007,1
403050,1
403021,1
400640,1
404855,1
404814,1
402611,1
401222,1
404488,1
402114,1
403813,1
405005,1
403522,1
400657,1
402877,1
402794,1
400804,1
403944,1
404788,1
402236,1
402164,1
400031,1
403370,1
400047,1
402775,1
400012,1
403924,1
404417,1
404298,1
401608,1
401314,1
404087,1
401227,1
400290,1
404092,1
404226,1
404154,1
404032,1
401292,1
404516,1
402533,1
403319,1
404840,1
402065,1
403201,1
402149,1
404328,1
403705,1
400711,1
402113,1
400840,1
403349,1
401304,1
403001,1
404702,1
400287,1
400251,1
401665,1
404444,1
403987,1
401758,1
402335,1
400586,1
401835,1
404418,1
400564,1
400655,1
400762,1
402192,1
404295,1
400953,1
402468,1
403652,1
404893,1
404920,1
402935,1
404845,1
402867,1
401170,1
404453,1
404046,1
403723,1
400920,1
400967,1
400780,1
400502,1
403034,1
404490,1
401823,1
403824,1
402811,1
401926,1
